mgc_rve_context_lcv "" "comparator_rail2rail_input_external_current_small" "" 1000
mgc_rve_highlight_index 0 "rve" "#00000000FFFF"
mgc_rve_layer "metal1"
mp 8 14.975 6.78 15.205 6.78 15.205 7.01 15.15 7.01 15.15 9.48 15.03 9.48 15.03 7.01 14.975 7.01
mp 8 16.305 6.78 16.535 6.78 16.535 7.01 16.48 7.01 16.48 9.48 16.36 9.48 16.36 7.01 16.305 7.01
mp 12 17.505 6.78 17.91 6.78 17.91 6.315 18.41 6.315 18.41 6.955 18.035 6.955 18.035 7.01 18.02 7.01 18.02 7.32 17.52 7.32 17.52 7.01 17.505 7.01
mgc_rve_layer "metal2"
mp 20 14.975 6.78 15.205 6.78 15.205 6.825 16.305 6.825 16.305 6.78 16.535 6.78 16.535 6.825 17.505 6.825 17.505 6.78 18.035 6.78 18.035 7.01 17.505 7.01 17.505 6.965 16.535 6.965 16.535 7.01 16.305 7.01 16.305 6.965 15.205 6.965 15.205 7.01 14.975 7.01
mgc_rve_layer "tpdiff"
mr 14.96 7.47 15.19 9.47
mr 16.29 7.47 16.52 9.47
mgc_rve_layer "gate_erc"
mr 17.52 7.47 18.02 9.47
mr 17.91 5.165 18.41 6.165
mgc_rve_layer "poly"
mr 17.52 7.15 18.02 9.63
mr 17.91 5.005 18.41 6.485
mgc_rve_layer "gate_erc_not_IO2"
mr 17.52 7.47 18.02 9.47
mr 17.91 5.165 18.41 6.165
mgc_rve_layer "metal1"
mr 17.26 5.155 17.38 6.175
mgc_rve_layer "tndiff"
mr 17.19 5.165 17.42 6.165
mgc_rve_zoom 14.221 4.014 19.149 10.621 1
